1.000000000 0.000000000 0.000000000 0.000000000 0.000000000 1.000000000 0.000000000 0.000000000 0.000000000 0.000000000 1.000000000 0.000000000
1.000000000 0.000000000 0.000000000 0.000000000 0.000000000 1.000000000 0.000000000 0.000000000 0.000000000 0.000000000 1.000000000 0.000000000
1.000000000 0.000000000 0.000000000 0.000000000 0.000000000 1.000000000 0.000000000 0.000000000 0.000000000 0.000000000 1.000000000 0.000000000
1.000000000 0.000000000 0.000000000 0.000000000 0.000000000 1.000000000 0.000000000 0.000000000 0.000000000 0.000000000 1.000000000 0.000000000
1.000000000 0.000000000 0.000000000 0.000000000 0.000000000 1.000000000 0.000000000 0.000000000 0.000000000 0.000000000 1.000000000 0.000000000
0.999991685 -0.000001404 -0.004077917 0.230408348 0.000001865 0.999999994 0.000112865 -0.026240997 0.004077917 -0.000112872 0.999991679 0.093399161
0.999991175 0.000001256 -0.004201198 0.237196168 -0.000000768 0.999999993 0.000116182 -0.029201127 0.004201198 -0.000116178 0.999991168 0.115932027
0.999990865 0.000110757 -0.004272848 0.243283097 -0.000110599 0.999999993 0.000037163 -0.031514104 0.004272852 -0.000036690 0.999990871 0.134139528
0.999990828 0.000220483 -0.004277362 0.245441463 -0.000220734 0.999999974 -0.000058228 -0.033085750 0.004277349 0.000059172 0.999990850 0.158799400
0.999989978 0.000319889 -0.004465627 0.256883510 -0.000320587 0.999999937 -0.000155553 -0.031532714 0.004465577 0.000156983 0.999990017 0.178792173
0.999989758 0.000376919 -0.004510083 0.260803855 -0.000377926 0.999999904 -0.000222286 -0.031705607 0.004509999 0.000223988 0.999989805 0.197003705
0.999990366 0.000191622 -0.004385427 0.267543399 -0.000191669 0.999999982 -0.000010391 -0.045914683 0.004385425 0.000011232 0.999990384 0.265732966
0.999993380 0.000701805 -0.003570346 0.218175326 -0.000705044 0.999999341 -0.000905991 0.002309897 0.003569708 0.000908502 0.999993216 0.275683519
0.999992464 0.000612838 -0.003833504 0.229824098 -0.000615858 0.999999501 -0.000786784 -0.007705726 0.003833020 0.000789139 0.999992343 0.289067605
0.999994691 0.000797777 -0.003159274 0.189132628 -0.000801250 0.999999076 -0.001098307 0.009322069 0.003158395 0.001100833 0.999994406 0.304176470
0.999996524 0.001015911 -0.002432997 0.148886089 -0.001020152 0.999997962 -0.001742407 0.042595614 0.002431221 0.001744883 0.999995522 0.313037246
0.999991781 0.000300765 -0.004043098 0.285479464 -0.000301448 0.999999940 -0.000168156 -0.056063802 0.004043048 0.000169374 0.999991813 0.426250190
0.999991409 0.000347649 -0.004130426 0.292382622 -0.000348633 0.999999911 -0.000237524 -0.057357898 0.004130343 0.000238962 0.999991442 0.449181160
0.999991159 0.000383365 -0.004187588 0.299783185 -0.000384522 0.999999888 -0.000275475 -0.059406742 0.004187482 0.000277083 0.999991194 0.471912475
0.999991049 0.000435398 -0.004208606 0.307054514 -0.000436784 0.999999851 -0.000328212 -0.061831463 0.004208462 0.000330047 0.999991090 0.494978690
0.999991763 0.000227968 -0.004052406 0.427003840 -0.000227698 0.999999972 0.000067145 -0.130247007 0.004052422 -0.000066221 0.999991787 0.770370869
0.999990975 0.000272799 -0.004239773 0.450734946 -0.000272766 0.999999963 0.000008188 -0.131790627 0.004239775 -0.000007032 0.999991012 0.810129745
0.999990113 0.000358329 -0.004432404 0.475234805 -0.000358426 0.999999936 -0.000021156 -0.135856750 0.004432397 0.000022744 0.999990177 0.853758755
0.999989446 0.000589129 -0.004556507 0.498161704 -0.000589344 0.999999825 -0.000045921 -0.139977520 0.004556479 0.000048605 0.999989618 0.891726103
0.999989103 0.000543068 -0.004636777 0.510013078 -0.000543205 0.999999852 -0.000028358 -0.144139986 0.004636761 0.000030877 0.999989250 0.924096889
0.999988272 0.000523161 -0.004814826 0.527717146 -0.000523318 0.999999863 -0.000031445 -0.151109353 0.004814809 0.000033964 0.999988408 0.961434471
0.999987566 0.000503147 -0.004961379 0.542577387 -0.000503378 0.999999872 -0.000045324 -0.155282395 0.004961356 0.000047821 0.999987691 0.992374414
0.999987750 0.000699180 -0.004900195 0.540450094 -0.000699355 0.999999755 -0.000034037 -0.167725092 0.004900170 0.000037464 0.999987993 1.043838267
0.999986863 0.000746844 -0.005071120 0.553782221 -0.000747181 0.999999719 -0.000064586 -0.171516596 0.005071070 0.000068375 0.999987140 1.076991135
0.999986420 0.000746180 -0.005157893 0.566517836 -0.000746718 0.999999716 -0.000102371 -0.177624507 0.005157815 0.000106221 0.999986693 1.112072697
0.999985654 0.000815833 -0.005293957 0.585460494 -0.000816609 0.999999656 -0.000144357 -0.183582343 0.005293837 0.000148678 0.999985976 1.151361086
0.999984552 0.000754987 -0.005506846 0.604401405 -0.000755692 0.999999707 -0.000125902 -0.195467810 0.005506749 0.000130062 0.999984829 1.186157620
0.999984079 0.000784937 -0.005588059 0.618568431 -0.000785918 0.999999676 -0.000173351 -0.202488122 0.005587921 0.000177740 0.999984372 1.214656854
0.999983815 0.000856565 -0.005624672 0.633065307 -0.000857289 0.999999625 -0.000126406 -0.209556526 0.005624562 0.000131226 0.999984173 1.247830750
0.999984847 0.000893903 -0.005431947 0.622414343 -0.000893921 0.999999600 -0.000000925 -0.224426387 0.005431944 0.000005780 0.999985247 1.286448598
0.999984160 0.000931015 -0.005550920 0.635445011 -0.000931080 0.999999567 -0.000009139 -0.230701633 0.005550909 0.000014308 0.999984593 1.324148172
0.999983821 0.000978925 -0.005603562 0.643185481 -0.000978673 0.999999520 0.000047795 -0.238256255 0.005603606 -0.000042310 0.999984299 1.358048393
0.999983339 0.000991375 -0.005686650 0.657116942 -0.000991163 0.999999508 0.000040046 -0.243218776 0.005686687 -0.000034409 0.999983830 1.393228157
0.999982441 0.001070106 -0.005828569 0.676923855 -0.001069481 0.999999422 0.000110399 -0.249698861 0.005828684 -0.000104163 0.999983008 1.430899885
0.999981474 0.001223484 -0.005962758 0.685423387 -0.001222264 0.999999231 0.000208206 -0.254861298 0.005963008 -0.000200914 0.999982201 1.461913615
0.999981759 0.001060268 -0.005946135 0.678988599 -0.001057256 0.999999311 0.000509780 -0.283558412 0.005946672 -0.000503484 0.999982192 1.504559445
0.999981377 0.001132221 -0.005996997 0.690954823 -0.001128769 0.999999195 0.000578910 -0.292024911 0.005997648 -0.000572130 0.999981850 1.536853960
0.999980869 0.001206213 -0.006066835 0.704240166 -0.001202324 0.999999069 0.000644696 -0.300676636 0.006067607 -0.000637389 0.999981389 1.570918705
0.999980053 0.001331251 -0.006174285 0.716206568 -0.001326718 0.999998847 0.000738124 -0.306684764 0.006175261 -0.000729918 0.999980667 1.606579575
0.999979504 0.001452296 -0.006235649 0.721980626 -0.001446841 0.999998567 0.000879219 -0.316828180 0.006236917 -0.000870179 0.999980172 1.640024690
0.999978460 0.001515768 -0.006386012 0.727310373 -0.001508277 0.999998169 0.001177694 -0.324956812 0.006387785 -0.001168037 0.999978916 1.673363904
0.999976673 0.001526649 -0.006657538 0.746316107 -0.001517179 0.999997831 0.001427265 -0.333281860 0.006659702 -0.001417131 0.999976820 1.709811659
0.999974887 0.001555133 -0.006914322 0.758688138 -0.001543207 0.999997313 0.001729836 -0.340381978 0.006916993 -0.001719122 0.999974600 1.747951937
0.999972609 0.001569574 -0.007233096 0.776548425 -0.001552820 0.999996100 0.002321289 -0.353847472 0.007236711 -0.002309994 0.999971147 1.793771068
0.999970507 0.001584253 -0.007514986 0.786405504 -0.001562606 0.999994616 0.002885472 -0.365394970 0.007519517 -0.002873644 0.999967599 1.834241785
0.999970715 0.001549936 -0.007494397 0.763753136 -0.001520270 0.999990994 0.003962490 -0.405634106 0.007500472 -0.003950981 0.999964066 1.860807806
0.999967167 0.001585368 -0.007946830 0.793172814 -0.001547071 0.999987173 0.004823007 -0.423977180 0.007954374 -0.004810554 0.999956792 1.881086383
0.999964459 0.001652471 -0.008267351 0.805261984 -0.001604134 0.999981602 0.005849973 -0.442099669 0.008276866 -0.005836503 0.999948713 1.915185845
0.999965470 0.001921018 -0.008085067 0.766607849 -0.001866136 0.999975206 0.006790117 -0.440108126 0.008097910 -0.006774795 0.999944261 1.965026358
0.999961539 0.002164579 -0.008499101 0.788271485 -0.002097852 0.999966971 0.007852128 -0.439151483 0.008515817 -0.007833996 0.999933052 2.001676370
0.999959398 0.002465922 -0.008667285 0.771216169 -0.002381392 0.999949636 0.009749556 -0.495254242 0.008690890 -0.009728520 0.999914909 2.028620150
0.999956832 0.002484868 -0.008953202 0.770576396 -0.002381847 0.999931047 0.011499013 -0.520796304 0.008981159 -0.011477192 0.999893801 2.057168148
0.999951374 0.002549341 -0.009526298 0.789847540 -0.002426090 0.999913497 0.012927198 -0.522179591 0.009558430 -0.012903458 0.999871060 2.097143332
0.999945989 0.002614070 -0.010059140 0.801822462 -0.002467727 0.999891341 0.014533320 -0.527723082 0.010096038 -0.014507712 0.999843786 2.125445107
0.999943837 0.002828812 -0.010213741 0.790015015 -0.002665251 0.999868567 0.015992042 -0.521017617 0.010257637 -0.015963922 0.999819951 2.154136006
0.999940482 0.002785637 -0.010548596 0.805648779 -0.002597909 0.999838750 0.017768630 -0.545750718 0.010596392 -0.017740168 0.999786479 2.187808030
0.999937324 0.002831978 -0.010831773 0.815653523 -0.002621334 0.999808135 0.019411879 -0.556285636 0.010884668 -0.019382268 0.999752895 2.216141517
0.999936113 0.002912088 -0.010922009 0.814994313 -0.002684028 0.999779271 0.020837588 -0.557446515 0.010980279 -0.020806942 0.999723214 2.247949809
0.999933752 0.002950983 -0.011125824 0.836992808 -0.002700433 0.999743920 0.022467791 -0.578400232 0.011189277 -0.022436258 0.999685658 2.294212506
0.999932262 0.003008347 -0.011243722 0.848946701 -0.002739498 0.999711785 0.023850430 -0.586721139 0.011312232 -0.023818013 0.999652307 2.325235101
0.999931791 0.003069646 -0.011269044 0.852727870 -0.002786077 0.999681225 0.025093535 -0.590443063 0.011342480 -0.025060427 0.999621590 2.356094534
0.999929832 0.003155559 -0.011418106 0.862017746 -0.002852446 0.999645637 0.026466296 -0.618851046 0.011497576 -0.026431870 0.999584495 2.375641774
0.999929112 0.003341654 -0.011428211 0.862787266 -0.003026517 0.999617706 0.027482394 -0.624583364 0.011515679 -0.027445858 0.999556959 2.395995327
0.999932702 0.002951938 -0.011219513 0.857629130 -0.002626714 0.999579078 0.028892334 -0.694079457 0.011300079 -0.028860919 0.999519562 2.458197059
0.999931969 0.003121592 -0.011238871 0.854933905 -0.002785930 0.999553222 0.029758944 -0.700823003 0.011326745 -0.029725608 0.999493918 2.493129403
0.999927297 0.002994219 -0.011680552 0.899109914 -0.002641655 0.999543901 0.030083420 -0.672990298 0.011765300 -0.030050377 0.999479141 2.525721866
0.999932984 0.003154115 -0.011139059 0.852576630 -0.002806030 0.999511481 0.031127562 -0.715653773 0.011231797 -0.031094219 0.999453349 2.547572771
0.999932544 0.003111678 -0.011190407 0.869135462 -0.002758649 0.999502284 0.031425678 -0.709397458 0.011282624 -0.031392688 0.999443446 2.576843127
0.999933620 0.003177277 -0.011075243 0.868833217 -0.002820592 0.999481523 0.032073818 -0.737636377 0.011171408 -0.032040450 0.999424139 2.614710466
0.999932843 0.003264536 -0.011119920 0.882928670 -0.002904299 0.999475318 0.032259180 -0.734513963 0.011219397 -0.032224718 0.999417677 2.647200974
0.999926213 0.003635536 -0.011590966 0.916677663 -0.003248480 0.999442166 0.033238610 -0.799576728 0.011705340 -0.033198504 0.999380230 2.635203889
0.999926224 0.003730513 -0.011559862 0.921348063 -0.003341370 0.999433077 0.033501644 -0.808813598 0.011678287 -0.033460547 0.999371807 2.669332315
0.999928435 0.003839327 -0.011330712 0.901446427 -0.003456026 0.999427491 0.033656308 -0.814002966 0.011453443 -0.033614740 0.999369235 2.701762917
0.999924280 0.003800305 -0.011704330 0.941229304 -0.003401856 0.999420230 0.033876711 -0.826082311 0.011826286 -0.033834330 0.999357482 2.734151499
0.999922724 0.003786813 -0.011840864 0.954302762 -0.003381517 0.999413960 0.034063217 -0.835061160 0.011962915 -0.034020544 0.999349534 2.771874216
0.999921456 0.003824646 -0.011935446 0.963574448 -0.003413956 0.999407742 0.034241946 -0.844687755 0.012059340 -0.034198509 0.999342301 2.806437242
0.999919947 0.003818418 -0.012063145 0.975619626 -0.003400936 0.999400945 0.034441036 -0.854859609 0.012187429 -0.034397252 0.999333926 2.844410130
0.999918822 0.003800811 -0.012161537 0.985007817 -0.003376757 0.999392035 0.034700989 -0.869072459 0.012286035 -0.034657105 0.999323741 2.880322087
0.999927812 0.003628465 -0.011454494 0.949811296 -0.003222777 0.999373708 0.035239270 -0.940248204 0.011575185 -0.035199811 0.999313258 3.002040975
0.999926945 0.003573842 -0.011547000 0.958622227 -0.003162916 0.999367809 0.035411559 -0.947861639 0.011666255 -0.035372450 0.999306103 3.038622955
0.999927685 0.003570739 -0.011483627 0.961357780 -0.003160098 0.999361824 0.035580298 -0.958784759 0.011603347 -0.035541435 0.999300840 3.074180480
0.999928790 0.003613890 -0.011373407 0.966250121 -0.003204942 0.999354853 0.035771588 -0.972425651 0.011495344 -0.035732590 0.999295271 3.110359037
0.999928461 0.003638723 -0.011394447 0.980039368 -0.003226595 0.999347265 0.035981015 -0.984667132 0.011517934 -0.035941676 0.999287513 3.144194711
0.999928215 0.003689236 -0.011399773 0.991792039 -0.003274530 0.999339728 0.036185443 -0.998678318 0.011525742 -0.036145516 0.999280070 3.179341397
0.999928867 0.003623151 -0.011363739 0.996961147 -0.003206872 0.999330737 0.036438904 -1.014269734 0.011488157 -0.036399870 0.999271270 3.209265561
0.999929205 0.003613326 -0.011337021 1.003366418 -0.003195140 0.999321569 0.036690502 -1.028869200 0.011461904 -0.036651681 0.999262367 3.247119233
0.999930553 0.003740769 -0.011175659 1.006407644 -0.003322662 0.999302339 0.037199389 -1.047779223 0.011307017 -0.037159672 0.999245370 3.285983719
0.999930893 0.003701364 -0.011158405 1.019317023 -0.003277332 0.999280603 0.037782749 -1.071135579 0.011290226 -0.037743569 0.999223676 3.308559490
0.999930401 0.003743824 -0.011188211 1.026820936 -0.003309973 0.999251285 0.038547552 -1.096270940 0.011324150 -0.038507837 0.999194130 3.343527647
0.999930363 0.003828929 -0.011162824 1.030859056 -0.003385004 0.999213072 0.039519344 -1.125813745 0.011305356 -0.039478806 0.999156451 3.376654557
0.999930054 0.003820519 -0.011193357 1.038982596 -0.003364360 0.999174206 0.040491813 -1.144637341 0.011338813 -0.040451322 0.999117171 3.404002334
0.999928980 0.003833262 -0.011284559 1.048471420 -0.003360181 0.999126721 0.041647373 -1.169142738 0.011434350 -0.041606497 0.999068644 3.440366966
0.999927735 0.003902710 -0.011370756 1.061350538 -0.003407337 0.999057872 0.043263832 -1.211706665 0.011528889 -0.043221962 0.998998972 3.464628221
0.999928401 0.003958904 -0.011292440 1.054129195 -0.003448977 0.998988949 0.044823936 -1.223599254 0.011458476 -0.044781780 0.998931076 3.475988795
0.999927618 0.003907735 -0.011379304 1.067502306 -0.003371369 0.998899588 0.046778695 -1.260691569 0.011549581 -0.046736945 0.998840460 3.504904610
0.999927602 0.004057295 -0.011328216 1.070019160 -0.003497945 0.998794262 0.048967207 -1.294916811 0.011513231 -0.048924037 0.998736143 3.538707745
0.999926133 0.003954333 -0.011493128 1.090336534 -0.003360394 0.998680442 0.051245319 -1.321069286 0.011680603 -0.051202912 0.998619960 3.569765633
0.999927303 0.004045086 -0.011358948 1.084680695 -0.003427513 0.998541990 0.053871568 -1.358157480 0.011560301 -0.053828719 0.998483264 3.599288906
0.999924319 0.003934313 -0.011656638 1.114716139 -0.003272434 0.998410449 0.056266031 -1.356982650 0.011859477 -0.056223627 0.998347763 3.629912650
0.999922398 0.003964385 -0.011810252 1.128405964 -0.003259282 0.998244685 0.059134818 -1.395072550 0.012023955 -0.059091736 0.998180140 3.662005188
0.999922843 0.003852453 -0.011809598 1.133399554 -0.003116091 0.998086842 0.061749057 -1.390705173 0.012024890 -0.061707493 0.998021837 3.684759179
0.999922356 0.003712709 -0.011895249 1.144602714 -0.002936800 0.997907275 0.064594473 -1.408658122 0.012110176 -0.064554524 0.997840697 3.713581330
0.999921257 0.004196092 -0.011826807 1.142904077 -0.003383797 0.997687442 0.067884599 -1.470565500 0.012084306 -0.067839234 0.997623079 3.699568281
0.999922624 0.004107380 -0.011742048 1.144123150 -0.003268608 0.997500735 0.070580445 -1.484762247 0.012002603 -0.070536604 0.997436978 3.728441674
0.999917279 0.003516807 -0.012372045 1.221765112 -0.002602073 0.997314645 0.073189666 -1.512415614 0.012596215 -0.073151419 0.997241297 3.717555563
0.999918828 0.003182921 -0.012337200 1.239288945 -0.002235754 0.997102234 0.076040354 -1.557335648 0.012543480 -0.076006599 0.997028414 3.743064735
0.999925455 0.003256856 -0.011767654 1.212108423 -0.002326699 0.996934209 0.078209780 -1.553953919 0.011986295 -0.078176570 0.996867470 3.768576556
0.999927604 0.003144247 -0.011614678 1.225412476 -0.002196925 0.996736598 0.080692800 -1.583038186 0.011830493 -0.080661442 0.996671346 3.807841492
0.999914860 0.002076214 -0.012882656 1.363766381 -0.001010384 0.996615753 0.082195012 -1.566731292 0.013009712 -0.082174997 0.996532999 3.753359528
0.999919299 0.001970056 -0.012550503 1.365895275 -0.000902114 0.996420061 0.084535481 -1.610911032 0.012672113 -0.084517337 0.996341426 3.776093182
0.999920226 0.001621033 -0.012526505 1.388387132 -0.000535967 0.996282553 0.086143988 -1.615180428 0.012619581 -0.086130402 0.996203945 3.795249782
0.999924527 0.001460253 -0.012198720 1.396709433 -0.000384781 0.996146522 0.087703810 -1.630147627 0.012279782 -0.087692497 0.996071901 3.817969132
0.999928231 0.001258556 -0.011914267 1.403254879 -0.000194956 0.996044595 0.088854531 -1.622264652 0.011978969 -0.088845831 0.995973354 3.844563209
0.999929234 0.001065118 -0.011848769 1.419834824 0.000005146 0.995945155 0.089962478 -1.639372936 0.011896545 -0.089956172 0.995874670 3.869675810
0.999932720 0.000907556 -0.011564269 1.419534449 0.000145627 0.995873919 0.090747539 -1.636145424 0.011598912 -0.090743117 0.995806784 3.901536437
0.999935862 0.000630390 -0.011308163 1.425910730 0.000408349 0.995793901 0.091620635 -1.659993382 0.011318356 -0.091619377 0.995729775 3.935751417
0.999935490 0.000490521 -0.011347878 1.440148099 0.000556896 0.995748333 0.092113770 -1.667592328 0.011344814 -0.092114148 0.995683825 3.969339870
0.999936274 0.000392485 -0.011282463 1.441738070 0.000650092 0.995735223 0.092254773 -1.664735274 0.011270554 -0.092256229 0.995671514 3.996862237
0.999935858 0.000267369 -0.011322880 1.455989013 0.000780395 0.995718916 0.092429599 -1.673367692 0.011299118 -0.092432506 0.995654841 4.037432130
0.999940791 0.001150454 -0.010820885 1.399870502 -0.000136089 0.995640036 0.093278621 -1.746921775 0.010881019 -0.093271625 0.995581241 4.019408906
0.999939412 0.001309602 -0.010929627 1.406536835 -0.000285139 0.995646197 0.093212499 -1.741975278 0.011004113 -0.093203735 0.995586246 4.062888237
0.999938164 0.001266146 -0.011048330 1.408658083 -0.000231118 0.995648836 0.093184447 -1.741412692 0.011118242 -0.093176131 0.995587562 4.108161842
0.999941798 0.001354065 -0.010703629 1.378279141 -0.000352804 0.995666252 0.092997799 -1.733273697 0.010783167 -0.092988610 0.995608779 4.147692609
0.999940868 0.001329542 -0.010793215 1.384088854 -0.000319421 0.995660849 0.093055742 -1.747184736 0.010870103 -0.093046792 0.995602398 4.183572361
0.999941652 0.001529177 -0.010693695 1.376100781 -0.000527792 0.995663599 0.093025367 -1.751818232 0.010789576 -0.093014295 0.995606311 4.226722353
0.999941273 0.001640811 -0.010712518 1.379132706 -0.000636651 0.995658834 0.093075674 -1.763485989 0.010818733 -0.093063388 0.995601407 4.266665684
0.999941469 0.001699324 -0.010685078 1.383968400 -0.000697242 0.995656860 0.093096356 -1.772192864 0.010796872 -0.093083457 0.995599768 4.303527048
0.999940599 0.001703492 -0.010765486 1.396117329 -0.000692704 0.995646563 0.093206445 -1.787190657 0.010877396 -0.093193451 0.995588601 4.338880614
0.999940649 0.001784770 -0.010747663 1.398799827 -0.000774808 0.995642333 0.093250980 -1.795851432 0.010867260 -0.093237118 0.995584623 4.375958283
0.999941386 0.001869721 -0.010664380 1.397836766 -0.000867079 0.995641554 0.093258477 -1.800601137 0.010792267 -0.093243764 0.995584817 4.414574838
0.999942132 0.001844957 -0.010598499 1.399311048 -0.000849011 0.995645450 0.093217047 -1.805647778 0.010724329 -0.093202655 0.995589400 4.451693861
0.999942590 0.001951760 -0.010536005 1.401457202 -0.000960651 0.995640723 0.093266431 -1.819550357 0.010672109 -0.093250955 0.995585439 4.490304976
0.999940328 0.001987936 -0.010741864 1.416057571 -0.000976976 0.995636444 0.093311933 -1.827542241 0.010880490 -0.093295871 0.995578975 4.526496370
0.999937764 0.001876827 -0.010997544 1.434184868 -0.000841403 0.995627466 0.093409001 -1.843897848 0.011124769 -0.093393934 0.995567081 4.570877843
0.999936607 0.001880274 -0.011101608 1.439092024 -0.000834847 0.995625241 0.093432767 -1.854200226 0.011228720 -0.093417576 0.995563696 4.593301186
0.999951678 0.003367978 -0.009235766 1.335398264 -0.002498241 0.995698849 0.092615123 -1.901458694 0.009507967 -0.092587575 0.995659148 4.895250829
0.999950190 0.003377193 -0.009392162 1.346756576 -0.002492807 0.995697641 0.092628259 -1.911379122 0.009664577 -0.092600232 0.995656463 4.941330468
0.999949809 0.003349903 -0.009442331 1.349164503 -0.002460948 0.995697343 0.092632314 -1.923324329 0.009712013 -0.092604428 0.995655612 4.982449050
0.999949903 0.003311718 -0.009445859 1.353573777 -0.002422357 0.995695133 0.092657084 -1.930927380 0.009712050 -0.092629561 0.995653273 5.022786413
0.999950345 0.003257153 -0.009418034 1.350937762 -0.002370568 0.995694927 0.092660632 -1.937527017 0.009679298 -0.092633705 0.995653207 5.062660298
0.999949372 0.003167427 -0.009550983 1.363606056 -0.002268319 0.995689609 0.092720314 -1.951456898 0.009803499 -0.092693955 0.995646384 5.101880061
0.999949333 0.003116356 -0.009571837 1.367702767 -0.002216272 0.995696703 0.092645360 -1.954831145 0.009819363 -0.092619453 0.995653161 5.141881457
0.999947695 0.003087430 -0.009750691 1.379674263 -0.002170018 0.995688613 0.092733362 -1.971553007 0.009994960 -0.092707352 0.995643233 5.143260145
0.999946844 0.003099434 -0.009833714 1.387506716 -0.002173877 0.995684953 0.092772563 -1.984654780 0.010078823 -0.092746254 0.995638765 5.183861285
0.999945965 0.003218098 -0.009884867 1.388308682 -0.002288099 0.995692096 0.092693121 -1.986601879 0.010140580 -0.092665495 0.995645657 5.228054572
0.999945348 0.003118483 -0.009978738 1.391058892 -0.002180805 0.995697747 0.092634986 -1.990586533 0.010224688 -0.092608161 0.995650131 5.271910052
0.999944937 0.003116419 -0.010020564 1.394290767 -0.002174711 0.995696271 0.092650996 -2.000933264 0.010266177 -0.092624103 0.995648222 5.311258372
0.999944451 0.003123019 -0.010066818 1.398895834 -0.002177000 0.995696284 0.092650795 -2.009616887 0.010312843 -0.092623732 0.995647774 5.351396394
0.999943000 0.003051033 -0.010231757 1.409443045 -0.002089359 0.995690431 0.092715694 -2.021449812 0.010470541 -0.092689031 0.995640051 5.393540482
0.999941759 0.003047737 -0.010353276 1.415544310 -0.002074330 0.995686243 0.092760993 -2.028756894 0.010591325 -0.092734115 0.995634575 5.433993128
0.999942189 0.002951079 -0.010339718 1.411527954 -0.001979698 0.995689570 0.092727345 -2.032813299 0.010568795 -0.092701515 0.995637851 5.471438757
0.999942034 0.002848659 -0.010383316 1.417787599 -0.001873147 0.995685181 0.092776675 -2.045983467 0.010602803 -0.092751848 0.995632801 5.516637163
0.999941178 0.002777562 -0.010484576 1.426415675 -0.001792605 0.995682264 0.092809565 -2.051668542 0.010697091 -0.092785311 0.995628675 5.555569165
0.999937459 0.003221760 -0.010709701 1.433952121 -0.002211975 0.995664076 0.092995456 -2.068862852 0.010962874 -0.092965951 0.995608933 5.564699129
0.999937331 0.003142416 -0.010745234 1.431145053 -0.002129373 0.995661764 0.093022140 -2.075216680 0.010990933 -0.092993429 0.995606057 5.608049428
0.999936533 0.003163265 -0.010813104 1.438696824 -0.002143498 0.995659020 0.093051180 -2.085823650 0.011060510 -0.093022096 0.995602609 5.648493045
0.999935133 0.003165175 -0.010941271 1.442526046 -0.002133066 0.995655642 0.093087556 -2.094268303 0.011188377 -0.093058179 0.995597808 5.688643759
0.999933948 0.003177495 -0.011045484 1.444652116 -0.002135892 0.995657757 0.093064867 -2.096354624 0.011293235 -0.093035127 0.995598779 5.726059643
0.999933503 0.003263302 -0.011060770 1.448068712 -0.002219177 0.995651551 0.093129292 -2.115035156 0.011316582 -0.093098553 0.995592585 5.769771033
0.999934410 0.003167956 -0.011006377 1.449039386 -0.002129120 0.995650218 0.093145636 -2.119418872 0.011253583 -0.093116092 0.995591658 5.807000747
0.999934540 0.003282688 -0.010960839 1.445383345 -0.002243777 0.995618161 0.093484988 -2.153469561 0.011219692 -0.093454275 0.995560353 5.793378898
0.999934856 0.003280042 -0.010932735 1.451774208 -0.002242863 0.995610592 0.093565584 -2.165530221 0.011191646 -0.093534968 0.995553091 5.833259962
0.999936136 0.003255633 -0.010822384 1.447250366 -0.002230147 0.995621289 0.093451992 -2.166618357 0.011079241 -0.093421888 0.995564966 5.871861801
0.999936972 0.003382104 -0.010705731 1.448542353 -0.002366783 0.995619373 0.093469045 -2.177341553 0.010974955 -0.093437816 0.995564626 5.912537183
0.999934450 0.003339782 -0.010951788 1.466810232 -0.002301006 0.995614163 0.093526169 -2.189156746 0.011216113 -0.093494838 0.995556585 5.952527382
0.999932618 0.003481772 -0.011074176 1.471155255 -0.002431308 0.995616898 0.093493748 -2.195548885 0.011351160 -0.093460524 0.995558276 5.992849070
0.999931645 0.003493373 -0.011158057 1.473362655 -0.002435737 0.995622752 0.093431277 -2.200705778 0.011435605 -0.093397712 0.995563205 6.031826702
0.999931724 0.002874665 -0.011326246 1.486223671 -0.001803892 0.995623358 0.093439149 -2.210682674 0.011545281 -0.093412338 0.995560567 6.048852525
0.999929352 0.002950848 -0.011514465 1.491595381 -0.001862788 0.995628226 0.093386106 -2.212245063 0.011739694 -0.093358060 0.995563384 6.088234527
0.999927276 0.002985034 -0.011684685 1.495570218 -0.001880522 0.995624961 0.093420559 -2.222581520 0.011912427 -0.093391792 0.995558169 6.132729373
0.999926131 0.003089846 -0.011755200 1.502189068 -0.001978721 0.995628084 0.093385243 -2.224214591 0.011992353 -0.093355085 0.995560652 6.169213960
0.999926237 0.003042991 -0.011758421 1.502290637 -0.001933498 0.995641645 0.093241490 -2.233035358 0.011990907 -0.093211877 0.995574088 6.208512118
0.999924825 0.003203331 -0.011835635 1.512970479 -0.002085837 0.995640447 0.093251007 -2.243032277 0.012082751 -0.093219310 0.995572281 6.249466854
0.999925803 0.002832746 -0.011847558 1.522470798 -0.001720217 0.995675781 0.092880465 -2.231497395 0.012059434 -0.092853193 0.995606777 6.318410713
0.999924907 0.002920768 -0.011901666 1.526970306 -0.001802673 0.995674351 0.092894224 -2.241829240 0.012121506 -0.092865793 0.995604848 6.357051233
0.999924246 0.002979618 -0.011942542 1.527880544 -0.001858460 0.995681758 0.092813705 -2.243643250 0.012167521 -0.092784479 0.995611868 6.395918596
0.999923042 0.003069658 -0.012020316 1.534979073 -0.001941034 0.995682609 0.092802885 -2.256287148 0.012253293 -0.092772411 0.995611941 6.437266479
0.999923220 0.003127797 -0.011990417 1.535568310 -0.002002647 0.995689665 0.092725839 -2.260604494 0.012228762 -0.092694707 0.995619480 6.478640384
0.999922875 0.003080173 -0.012031464 1.542970885 -0.001950556 0.995683243 0.092795879 -2.272532654 0.012265354 -0.092765254 0.995612459 6.520412436
0.999925260 0.002647611 -0.011935827 1.537889268 -0.001528387 0.995681565 0.092821795 -2.281066062 0.012130039 -0.092796615 0.995611194 6.542888600
0.999924795 0.002555541 -0.011994733 1.545282462 -0.001430816 0.995678471 0.092856527 -2.288734164 0.012180196 -0.092832381 0.995607248 6.581484485
0.999924660 0.002455917 -0.012026734 1.548550748 -0.001328581 0.995678141 0.092861593 -2.293739456 0.012202816 -0.092838618 0.995606389 6.619407459
0.999925855 0.002403321 -0.011937727 1.546539588 -0.001284487 0.995678304 0.092860456 -2.302923870 0.012109309 -0.092838237 0.995607566 6.659497587
0.999926481 0.002365486 -0.011892741 1.549029608 -0.001251427 0.995681714 0.092824345 -2.306587264 0.012060960 -0.092802637 0.995611472 6.696741139
0.999926941 0.002266000 -0.011873387 1.547018772 -0.001153920 0.995679976 0.092844246 -2.316820683 0.012032478 -0.092823762 0.995609848 6.735157819
0.999926687 0.002280026 -0.011892062 1.552014104 -0.001166228 0.995680542 0.092838018 -2.321449619 0.012052368 -0.092817343 0.995610205 6.776440830
0.999925091 0.002278394 -0.012025894 1.558146464 -0.001153237 0.995688611 0.092751607 -2.324280189 0.012185370 -0.092730790 0.995616652 6.815991740
0.999925475 0.001862508 -0.012065450 1.573060355 -0.000739972 0.995723396 0.092381657 -2.314934396 0.012185912 -0.092365844 0.995650568 6.885976535
0.999923605 0.001837135 -0.012223305 1.580397889 -0.000700178 0.995723836 0.092377228 -2.327107339 0.012340746 -0.092361612 0.995649054 6.929414814
0.999921916 0.001753561 -0.012372807 1.584038399 -0.000602670 0.995720392 0.092415031 -2.343110668 0.012481912 -0.092400358 0.995643699 6.975666021
0.999920659 0.001687141 -0.012483144 1.583262256 -0.000526250 0.995719825 0.092421601 -2.348096911 0.012585642 -0.092407699 0.995641712 7.016143419
0.999919453 0.001602975 -0.012590381 1.583910836 -0.000432376 0.995718778 0.092433368 -2.355106932 0.012684647 -0.092420479 0.995639269 7.057894444
0.999922642 0.000809371 -0.012411867 1.584879980 0.000338252 0.995742120 0.092181976 -2.346526007 0.012433628 -0.092179044 0.995664818 7.108993996
0.999921676 0.000684639 -0.012496950 1.593480453 0.000469045 0.995751360 0.092081540 -2.348405482 0.012506897 -0.092080190 0.995673047 7.145691682
0.999921339 0.000619832 -0.012527240 1.596179112 0.000536757 0.995748486 0.092112241 -2.360277133 0.012531074 -0.092111719 0.995669826 7.185725474
0.999921466 0.000570536 -0.012519462 1.596679698 0.000584860 0.995750455 0.092090655 -2.365804312 0.012518801 -0.092090745 0.995671921 7.225436264
0.999920948 0.000515155 -0.012563134 1.599670142 0.000644308 0.995748398 0.092112497 -2.378323182 0.012557173 -0.092113310 0.995669351 7.267774123
0.999921269 0.000141307 -0.012547366 1.601833049 0.001015122 0.995748240 0.092110868 -2.387329017 0.012507033 -0.092116353 0.995669700 7.296861730
0.999921464 0.000126714 -0.012531974 1.601252627 0.001027274 0.995755326 0.092034102 -2.393857750 0.012490442 -0.092039748 0.995676993 7.335708760
0.999920785 0.000136457 -0.012585945 1.604820749 0.001022269 0.995757315 0.092012632 -2.403104967 0.012545102 -0.092018209 0.995678296 7.374398027
0.999920215 0.000198672 -0.012630265 1.608957792 0.000964713 0.995755029 0.092037993 -2.415630012 0.012594935 -0.092042835 0.995675391 7.413698479
0.999922046 0.000002341 -0.012486077 1.588081698 0.001151713 0.995719512 0.092419299 -2.451790381 0.012432847 -0.092426475 0.995641889 7.361511276
0.999922938 -0.000022055 -0.012414405 1.587045789 0.001169368 0.995719596 0.092418176 -2.455338000 0.012359228 -0.092425571 0.995642889 7.402946901
0.999924716 0.000058732 -0.012270233 1.585740263 0.001075699 0.995718899 0.092426821 -2.464265385 0.012223132 -0.092433062 0.995643874 7.439763070
0.999924245 0.000062228 -0.012308541 1.591479056 0.001075862 0.995718124 0.092435165 -2.474598878 0.012261590 -0.092441405 0.995642627 7.477434326
0.999924767 0.000055731 -0.012266106 1.591984788 0.001077306 0.995726459 0.092345325 -2.478889906 0.012218833 -0.092351592 0.995651487 7.523668092
0.999924591 0.000082069 -0.012280256 1.598217768 0.001052400 0.995726374 0.092346528 -2.486244961 0.012235354 -0.092352488 0.995651201 7.565796003
0.999923959 0.000050538 -0.012331784 1.603924415 0.001088980 0.995723164 0.092380708 -2.495527362 0.012283712 -0.092387113 0.995647393 7.605499388
0.999922348 -0.000007622 -0.012461828 1.611638697 0.001156630 0.995740062 0.092197568 -2.492293106 0.012408038 -0.092204823 0.995662750 7.662173646
0.999922248 0.000094539 -0.012469523 1.605858642 0.001054972 0.995744870 0.092146841 -2.503118519 0.012425175 -0.092152832 0.995667349 7.697601916
0.999921709 0.000169964 -0.012511901 1.609133837 0.000982798 0.995752109 0.092069381 -2.509131307 0.012474400 -0.092074470 0.995673983 7.736332819
0.999921710 0.000161222 -0.012511895 1.603249691 0.000989980 0.995763333 0.091947832 -2.512644826 0.012473710 -0.091953020 0.995685216 7.776844173
0.999919638 0.000267861 -0.012674586 1.613608860 0.000898960 0.995761871 0.091964601 -2.528054780 0.012645503 -0.091968605 0.995681609 7.816732691
0.999918728 0.000063209 -0.012748825 1.614404804 0.001106092 0.995786948 0.091690413 -2.519715703 0.012700909 -0.091697062 0.995705948 7.880180481
0.999917761 0.000061267 -0.012824458 1.613832986 0.001114864 0.995787646 0.091682717 -2.529131642 0.012776054 -0.091689474 0.995705686 7.919191838
0.999916678 0.000064763 -0.012908653 1.615645332 0.001118611 0.995791155 0.091644556 -2.534831570 0.012860258 -0.091651360 0.995708111 7.960531082
0.999915358 0.000053750 -0.013010544 1.621174503 0.001139341 0.995788142 0.091677027 -2.544933725 0.012960673 -0.091684090 0.995703796 7.998234335
0.999913875 -0.000044984 -0.013124031 1.626420226 0.001248748 0.995783278 0.091728421 -2.557565533 0.013064564 -0.091736909 0.995697573 8.040362240
0.999925439 0.000493565 -0.012201310 1.569860325 0.000620234 0.995840347 0.091113214 -2.549819446 0.012195528 -0.091113988 0.995765791 8.181272496
0.999925743 0.000439995 -0.012178448 1.573142704 0.000671595 0.995839621 0.091120785 -2.555942238 0.012167874 -0.091122198 0.995765378 8.223525329
0.999927317 0.000314840 -0.012052489 1.568394832 0.000786063 0.995829661 0.091228655 -2.565983934 0.012030948 -0.091231498 0.995757034 8.263687672
0.999929116 0.000330669 -0.011901861 1.566225593 0.000755444 0.995838199 0.091135672 -2.563895350 0.011882464 -0.091138203 0.995767360 8.304126578
0.999935140 0.000461770 -0.011379926 1.538224263 0.000573317 0.995870220 0.090786433 -2.560638478 0.011374851 -0.090787069 0.995805363 8.404986343
0.999934358 0.000528221 -0.011445581 1.545133082 0.000512700 0.995873399 0.090751918 -2.562243903 0.011446287 -0.090751829 0.995807757 8.441562886
0.999933745 0.000553310 -0.011497818 1.548728001 0.000492160 0.995875739 0.090726349 -2.573784622 0.011500598 -0.090725996 0.995809485 8.482167011
0.999933989 0.000372696 -0.011483861 1.546401865 0.000669159 0.995888403 0.090586099 -2.570582603 0.011470406 -0.090587804 0.995822414 8.535837211
0.999933436 0.000465917 -0.011528544 1.546332999 0.000580357 0.995888510 0.090585530 -2.581597628 0.011523350 -0.090586191 0.995821949 8.570705452
0.999931375 0.000321081 -0.011710772 1.552561733 0.000741615 0.995884547 0.090627920 -2.589241452 0.011691676 -0.090630386 0.995815966 8.620510453
0.999930422 0.000378525 -0.011790143 1.548798684 0.000691251 0.995887245 0.090598657 -2.589977982 0.011775947 -0.090600504 0.995817692 8.659549555
0.999929728 0.000113606 -0.011854364 1.550798864 0.000959580 0.995897275 0.090485890 -2.589239423 0.011816009 -0.090490907 0.995827183 8.708191299
0.999928028 0.000129030 -0.011996736 1.556195812 0.000957073 0.995897509 0.090483343 -2.598598974 0.011959195 -0.090488313 0.995825709 8.751692817
0.999926063 0.000012423 -0.012160088 1.562217932 0.001086255 0.995910357 0.090340365 -2.596009480 0.012111480 -0.090346894 0.995836709 8.792496589
0.999925522 -0.000058828 -0.012204386 1.563588020 0.001162550 0.995900393 0.090449188 -2.608017384 0.012149031 -0.090456640 0.995826289 8.833230617
0.999922399 -0.001147717 -0.012404809 1.599083272 0.002257112 0.995957935 0.089792527 -2.562122736 0.012251612 -0.089813558 0.995883238 8.939694607
0.999923295 -0.001258214 -0.012321531 1.593394546 0.002359699 0.995957634 0.089793227 -2.570950277 0.012158743 -0.089815415 0.995884208 8.977014865
0.999923813 -0.001270255 -0.012278238 1.595376751 0.002367092 0.995962886 0.089734762 -2.578347042 0.012114683 -0.089756989 0.995890013 9.019892728
0.999924288 -0.001329853 -0.012233109 1.599521465 0.002423118 0.995957425 0.089793857 -2.594981330 0.012064243 -0.089816701 0.995885241 9.062503674
0.999925000 -0.001395586 -0.012167425 1.600761700 0.002482281 0.995960344 0.089759853 -2.596951403 0.011993005 -0.089783324 0.995889112 9.090883930
0.999926431 -0.001357094 -0.012053629 1.600065239 0.002434186 0.995956968 0.089798627 -2.602874187 0.011883031 -0.089821362 0.995887000 9.130505944
0.999927493 -0.001314215 -0.011970032 1.603649330 0.002384566 0.995952523 0.089849239 -2.610525535 0.011803503 -0.089871268 0.995883443 9.171566365
0.999927929 -0.001316231 -0.011933334 1.605147996 0.002382310 0.995959905 0.089767433 -2.615334957 0.011766967 -0.089789393 0.995891261 9.213288513
0.999928359 -0.001342262 -0.011894311 1.602624641 0.002403618 0.995968392 0.089672648 -2.615308875 0.011725994 -0.089694813 0.995900267 9.239140514
0.999928398 -0.001203826 -0.011905880 1.611797189 0.002266545 0.995970411 0.089653792 -2.626163139 0.011749976 -0.089674358 0.995901826 9.279127156
0.999927208 -0.001285957 -0.011996842 1.616941955 0.002356686 0.995968859 0.089668718 -2.635202079 0.011833171 -0.089690463 0.995899391 9.324057786
0.999927028 -0.001164544 -0.012024244 1.614047827 0.002237914 0.995971383 0.089643715 -2.638680146 0.011871409 -0.089664082 0.995901311 9.363846395
0.999927428 -0.001052277 -0.012001281 1.605825649 0.002123822 0.995973222 0.089626058 -2.639147998 0.011858643 -0.089645042 0.995903178 9.389404842
0.999927138 -0.001066537 -0.012024179 1.605289498 0.002139169 0.995980040 0.089549898 -2.641762630 0.011880334 -0.089569095 0.995909752 9.433688566
0.999926863 -0.000972325 -0.012055040 1.608755256 0.002047452 0.995985047 0.089496331 -2.649590835 0.011919620 -0.089514468 0.995914194 9.477128047
0.999925119 -0.001047615 -0.012192566 1.615352774 0.002135668 0.995978109 0.089571451 -2.656994458 0.012049692 -0.089590783 0.995905767 9.497274708
0.999924162 -0.001043257 -0.012271216 1.616844764 0.002139048 0.995973124 0.089626784 -2.665843019 0.012128298 -0.089646236 0.995899823 9.537438811
0.999923977 -0.001037095 -0.012286736 1.619707481 0.002135754 0.995962403 0.089745924 -2.672223158 0.012144052 -0.089765342 0.995888902 9.581067936
0.999924932 -0.001129389 -0.012200615 1.611338640 0.002218387 0.995973864 0.089616634 -2.666187904 0.012050281 -0.089636972 0.995901604 9.604605710
0.999925296 -0.001006359 -0.012181500 1.618031347 0.002093728 0.995977119 0.089583456 -2.679757529 0.012042343 -0.089602268 0.995904823 9.648142942
0.999924937 -0.001023207 -0.012209557 1.623845405 0.002112031 0.995984441 0.089501578 -2.683139696 0.012068950 -0.089520647 0.995911841 9.690363599
0.999925296 -0.001009641 -0.012181217 1.622833861 0.002097416 0.995973799 0.089620265 -2.701417973 0.012041689 -0.089639119 0.995901514 9.735603170
0.999924760 -0.001068468 -0.012220168 1.625217777 0.002160516 0.995966145 0.089703794 -2.706251449 0.012075028 -0.089723446 0.995893517 9.767398269
0.999925873 -0.001003601 -0.012134290 1.623270127 0.002088301 0.995965537 0.089712248 -2.709794569 0.011995300 -0.089730938 0.995893805 9.815159053
0.999926859 -0.000988165 -0.012054079 1.621168177 0.002065243 0.995969234 0.089671731 -2.710719518 0.011916882 -0.089690067 0.995898428 9.856990953
0.999928252 -0.001028261 -0.011934550 1.620172028 0.002094141 0.995971590 0.089644887 -2.720353905 0.011794294 -0.089663448 0.995902285 9.903190428
0.999929411 -0.001023119 -0.011837471 1.618453237 0.002081431 0.995963043 0.089740091 -2.732052619 0.011697868 -0.089758396 0.995894869 9.938828742
0.999929539 -0.001099601 -0.011819810 1.622354597 0.002156572 0.995958676 0.089786770 -2.737704190 0.011673313 -0.089805934 0.995890872 9.985332024
0.999930533 -0.001181523 -0.011727494 1.620869607 0.002230457 0.995954013 0.089836677 -2.742456669 0.011573900 -0.089856594 0.995887462 10.030876973
0.999931706 -0.001206123 -0.011624472 1.619959301 0.002246005 0.995951591 0.089863139 -2.742945964 0.011469026 -0.089883110 0.995886283 10.056422543
0.999931309 -0.001207871 -0.011658434 1.625698030 0.002250689 0.995952438 0.089853638 -2.754170553 0.011502714 -0.089873705 0.995886743 10.103276173
0.999931776 -0.001158055 -0.011623358 1.623050792 0.002197348 0.995957026 0.089804089 -2.758937381 0.011472367 -0.089823503 0.995891622 10.152800155
